[[0.2441047728061676, 0.9668905138969421, 0.07440155744552612, 0.0015556453727185726], [-0.6175748705863953, 0.09584472328424454, 0.7806504368782043, 0.00234708609059453], [0.7476724982261658, -0.2365090250968933, 0.6205233931541443, 0.0], [0.0, 0.0, 0.0, 1.0]]