[[-0.5598253607749939, -0.7481667399406433, 0.35614892840385437, -0.0061825960874557495], [-0.6598780155181885, 0.662502110004425, 0.3544742166996002, 0.0005038603558205068], [-0.5011552572250366, -0.036571186035871506, -0.8645842671394348, 0.0], [0.0, 0.0, 0.0, 1.0]]