[[0.8726534247398376, -0.4602240025997162, 0.16330917179584503, 0.0037475021090358496], [-0.17934304475784302, -0.6130791306495667, -0.7693958878517151, 0.00405822042375803], [0.4542159140110016, 0.6421275734901428, -0.6175435781478882, 0.0], [0.0, 0.0, 0.0, 1.0]]