[[0.9421834349632263, -0.12426523864269257, 0.3112049996852875, -0.005944769363850355], [0.19881518185138702, -0.5402857661247253, -0.8176575303077698, 0.0030556838028132915], [0.2697460353374481, 0.8322556614875793, -0.484342485666275, 0.0], [0.0, 0.0, 0.0, 1.0]]