[[0.01557675376534462, -0.08378133177757263, -0.9963623881340027, 0.0009158409666270018], [0.09507128596305847, -0.9918445348739624, 0.08488774299621582, -0.003909159917384386], [-0.9953485727310181, -0.09604772925376892, -0.0074845184572041035, 0.0], [0.0, 0.0, 0.0, 1.0]]