[[-0.24130655825138092, -0.773357629776001, 0.5862500667572021, 0.0026990731712430716], [0.7643055319786072, 0.22080497443675995, 0.6058731079101562, -0.0006137713207863271], [-0.5980035066604614, 0.5942753553390503, 0.5377998352050781, 0.0], [0.0, 0.0, 0.0, 1.0]]