[[0.5305830836296082, 0.844258725643158, 0.07555684447288513, -0.0035007332917302847], [-0.20133936405181885, 0.0389409214258194, 0.9787471890449524, -0.0008727893582545221], [0.823373556137085, -0.5345192551612854, 0.19064390659332275, 0.0], [0.0, 0.0, 0.0, 1.0]]