[[0.5424799919128418, 0.6860352754592896, 0.48484131693840027, 0.0014912484912201762], [0.5702221393585205, 0.12311360239982605, -0.8122128844261169, 0.003276947420090437], [-0.6168972253799438, 0.7170764803886414, -0.32440584897994995, 0.0], [0.0, 0.0, 0.0, 1.0]]