[[-0.055264443159103394, 0.9319249391555786, -0.3584156632423401, -0.005033588502556086], [-0.8150923848152161, 0.16521985828876495, 0.5552718639373779, 0.002889578463509679], [0.5766890645027161, 0.3228286802768707, 0.7504740953445435, 0.0], [0.0, 0.0, 0.0, 1.0]]