[[0.6512761116027832, 0.7588320970535278, -0.0036479972768574953, -0.003749947063624859], [-0.7329182624816895, 0.6277750134468079, -0.26216280460357666, 0.0033987141214311123], [-0.19664742052555084, 0.17341406643390656, 0.965016782283783, 0.0], [0.0, 0.0, 0.0, 1.0]]