[[0.6102086901664734, -0.7070807218551636, 0.357326477766037, -0.000852608704008162], [-0.4323422610759735, 0.08074238151311874, 0.8980873227119446, -0.004281871952116489], [-0.6638716459274292, -0.7025080323219299, -0.2564311921596527, 0.0], [0.0, 0.0, 0.0, 1.0]]